15 15 1638097803
21 17 1638097803
37 18 1638097803
49 19 1638097803
112 20 1638097803
129 23 1638097803
132 24 1638097803
142 25 1638097803
15 15.1716 1638097833
21 16.8711 1638097833
37 18.1169 1638097833
49 19.1045 1638097833
112 19.7668 1638097833
129 23.0443 1638097833
132 23.9128 1638097833
142 24.8269 1638097833
15 15.2391 1638097863
21 17.0725 1638097863
37 17.971 1638097863
49 19.343 1638097863
112 19.6889 1638097863
129 22.9823 1638097863
132 23.675 1638097863
142 24.6142 1638097863
15 15.1675 1638097893
21 17.1567 1638097893
37 17.7768 1638097893
49 19.2856 1638097893
112 19.8099 1638097893
129 22.7506 1638097893
132 23.5551 1638097893
142 24.611 1638097893
15 14.9437 1638097923
21 17.0534 1638097923
37 17.6273 1638097923
49 19.4522 1638097923
112 19.8353 1638097923
129 22.8495 1638097923
132 23.6543 1638097923
142 24.4789 1638097923
15 14.9812 1638097953
21 17.1437 1638097953
37 17.6935 1638097953
49 19.632 1638097953
112 19.9962 1638097953
129 22.8932 1638097953
132 23.7656 1638097953
142 24.3335 1638097953
15 14.8744 1638097983
21 16.9018 1638097983
37 17.4444 1638097983
49 19.8447 1638097983
112 19.9247 1638097983
129 22.8998 1638097983
132 23.9866 1638097983
142 24.4662 1638097983
15 14.6757 1638098013
21 16.7803 1638098013
37 17.3687 1638098013
49 19.653 1638098013
112 19.7445 1638098013
129 22.8402 1638098013
132 23.7671 1638098013
142 24.2405 1638098013
15 14.9164 1638098043
21 17.003 1638098043
37 17.5672 1638098043
49 19.5057 1638098043
112 19.7011 1638098043
129 22.8341 1638098043
132 23.8046 1638098043
142 24.1738 1638098043
15 15.1434 1638098073
21 16.7763 1638098073
37 17.8024 1638098073
49 19.6224 1638098073
112 19.8154 1638098073
129 22.8746 1638098073
132 23.8592 1638098073
142 24.1705 1638098073
15 15.0091 1638098103
21 16.7913 1638098103
37 17.962 1638098103
49 19.3768 1638098103
112 19.7194 1638098103
129 22.973 1638098103
132 23.726 1638098103
142 24.2613 1638098103
15 15.1387 1638098133
21 16.8971 1638098133
37 17.749 1638098133
49 19.4744 1638098133
112 19.9514 1638098133
129 23.032 1638098133
132 23.8493 1638098133
142 24.0516 1638098133
15 15.2977 1638098163
21 17.1225 1638098163
37 17.5728 1638098163
49 19.7117 1638098163
112 20.0215 1638098163
129 22.9692 1638098163
132 23.9815 1638098163
142 23.9065 1638098163
15 15.5097 1638098193
21 16.9526 1638098193
37 17.4246 1638098193
49 19.5071 1638098193
112 19.9563 1638098193
129 23.0152 1638098193
132 23.9355 1638098193
142 23.7077 1638098193
15 15.4275 1638098223
21 17.0637 1638098223
37 17.2865 1638098223
49 19.494 1638098223
112 19.7342 1638098223
129 23.0907 1638098223
132 23.9579 1638098223
142 23.8366 1638098223
15 15.6363 1638098253
21 17.2313 1638098253
37 17.1964 1638098253
49 19.4989 1638098253
112 19.5059 1638098253
129 23.1182 1638098253
132 24.115 1638098253
142 23.8678 1638098253
15 15.3867 1638098283
21 16.9895 1638098283
37 17.2769 1638098283
49 19.4943 1638098283
112 19.6904 1638098283
129 22.9312 1638098283
132 23.9292 1638098283
142 23.8339 1638098283
15 15.1954 1638098313
21 16.9705 1638098313
37 17.1797 1638098313
49 19.3469 1638098313
112 19.9089 1638098313
129 23.0068 1638098313
132 23.9012 1638098313
142 23.8406 1638098313
15 15.045 1638098343
21 16.8473 1638098343
37 17.3215 1638098343
49 19.1707 1638098343
112 19.7224 1638098343
129 22.946 1638098343
132 24.0806 1638098343
142 23.8011 1638098343
15 15.236 1638098373
21 17.0585 1638098373
37 17.3126 1638098373
49 19.0905 1638098373
112 19.7145 1638098373
129 22.8621 1638098373
132 24.0875 1638098373
142 23.6317 1638098373
15 15.0203 1638098403
21 17.1764 1638098403
37 17.4499 1638098403
49 18.9961 1638098403
112 19.581 1638098403
129 22.99 1638098403
132 24.0111 1638098403
142 23.4184 1638098403
15 15.1625 1638098433
21 17.0066 1638098433
37 17.3732 1638098433
49 19.1857 1638098433
112 19.4852 1638098433
129 22.8009 1638098433
132 24.005 1638098433
142 23.3483 1638098433
15 15.2487 1638098463
21 16.9389 1638098463
37 17.3064 1638098463
49 19.4253 1638098463
112 19.4801 1638098463
129 22.5747 1638098463
132 24.233 1638098463
142 23.1135 1638098463
15 15.0854 1638098493
21 16.83 1638098493
37 17.5491 1638098493
49 19.6522 1638098493
112 19.2334 1638098493
129 22.6528 1638098493
132 24.1758 1638098493
142 23.0514 1638098493
15 15.1147 1638098523
21 16.9427 1638098523
37 17.3752 1638098523
49 19.5929 1638098523
112 19.0721 1638098523
129 22.8432 1638098523
132 24.269 1638098523
142 23.0054 1638098523
15 15.1128 1638098553
21 16.8222 1638098553
37 17.5609 1638098553
49 19.7167 1638098553
112 18.9413 1638098553
129 23.0757 1638098553
132 24.4739 1638098553
142 22.7832 1638098553
15 15.2445 1638098583
21 16.6094 1638098583
37 17.7403 1638098583
49 19.9618 1638098583
112 18.7066 1638098583
129 23.2993 1638098583
132 24.2799 1638098583
142 22.6783 1638098583
15 15.021 1638098613
21 16.8063 1638098613
37 17.4908 1638098613
49 19.8324 1638098613
112 18.7649 1638098613
129 23.1616 1638098613
132 24.3591 1638098613
142 22.813 1638098613
15 15.0461 1638098643
21 16.5631 1638098643
37 17.3166 1638098643
49 20.0229 1638098643
112 18.6274 1638098643
129 23.1098 1638098643
132 24.2356 1638098643
142 22.5795 1638098643
15 14.853 1638098673
21 16.7944 1638098673
37 17.3566 1638098673
49 19.9547 1638098673
112 18.4439 1638098673
129 23.0838 1638098673
132 24.4597 1638098673
142 22.7114 1638098673
15 14.8246 1638098703
21 16.9874 1638098703
37 17.5133 1638098703
49 19.7726 1638098703
112 18.3137 1638098703
129 22.8373 1638098703
132 24.4781 1638098703
142 22.5288 1638098703
15 14.8577 1638098733
21 17.0819 1638098733
37 17.6201 1638098733
49 19.7122 1638098733
112 18.1176 1638098733
129 23.0076 1638098733
132 24.2338 1638098733
142 22.6796 1638098733
15 14.7842 1638098763
21 16.9236 1638098763
37 17.5564 1638098763
49 19.5754 1638098763
112 17.9698 1638098763
129 23.2421 1638098763
132 24.1032 1638098763
142 22.7679 1638098763
15 14.7991 1638098793
21 17.155 1638098793
37 17.7105 1638098793
49 19.6107 1638098793
112 18.1724 1638098793
129 23.3877 1638098793
132 24.1488 1638098793
142 22.6257 1638098793
15 14.9704 1638098823
21 17.1512 1638098823
37 17.7194 1638098823
49 19.6491 1638098823
112 18.2234 1638098823
129 23.3307 1638098823
132 23.923 1638098823
142 22.669 1638098823
15 15.022 1638098853
21 17.3831 1638098853
37 17.7901 1638098853
49 19.6664 1638098853
112 18.4213 1638098853
129 23.4409 1638098853
132 23.7735 1638098853
142 22.798 1638098853
15 15.1923 1638098883
21 17.5188 1638098883
37 17.9786 1638098883
49 19.7843 1638098883
112 18.387 1638098883
129 23.6118 1638098883
132 23.8501 1638098883
142 22.6634 1638098883
15 15.2808 1638098913
21 17.319 1638098913
37 17.8831 1638098913
49 19.8643 1638098913
112 18.3434 1638098913
129 23.4921 1638098913
132 23.8855 1638098913
142 22.8506 1638098913
15 15.2036 1638098943
21 17.5639 1638098943
37 18.1303 1638098943
49 20.0452 1638098943
112 18.1927 1638098943
129 23.5543 1638098943
132 23.8796 1638098943
142 22.644 1638098943
15 15.1948 1638098973
21 17.524 1638098973
37 18.132 1638098973
49 20.0959 1638098973
112 18.2846 1638098973
129 23.5498 1638098973
132 23.6537 1638098973
142 22.5324 1638098973
15 15.4087 1638099003
21 17.4824 1638099003
37 18.1763 1638099003
49 20.0721 1638099003
112 18.2098 1638099003
129 23.5307 1638099003
132 23.4249 1638099003
142 22.5343 1638099003
15 15.3125 1638099033
21 17.6871 1638099033
37 18.3432 1638099033
49 20.2292 1638099033
112 18.4492 1638099033
129 23.3793 1638099033
132 23.661 1638099033
142 22.7599 1638099033
15 15.1007 1638099063
21 17.4833 1638099063
37 18.304 1638099063
49 20.2379 1638099063
112 18.2041 1638099063
129 23.5614 1638099063
132 23.5964 1638099063
142 22.9092 1638099063
15 15.1262 1638099093
21 17.4005 1638099093
37 18.1245 1638099093
49 20.2245 1638099093
112 18.1857 1638099093
129 23.5019 1638099093
132 23.4928 1638099093
142 23.1457 1638099093
15 15.2223 1638099123
21 17.2845 1638099123
37 18.0566 1638099123
49 20.2894 1638099123
112 18.0009 1638099123
129 23.4611 1638099123
132 23.5924 1638099123
142 22.9955 1638099123
15 14.9937 1638099153
21 17.304 1638099153
37 17.8152 1638099153
49 20.2057 1638099153
112 17.9972 1638099153
129 23.4568 1638099153
132 23.8193 1638099153
142 23.1271 1638099153
15 14.8841 1638099183
21 17.4799 1638099183
37 17.807 1638099183
49 20.2318 1638099183
112 17.9624 1638099183
129 23.525 1638099183
132 23.7076 1638099183
142 23.0688 1638099183
15 14.7874 1638099213
21 17.4086 1638099213
37 18.051 1638099213
49 20.1574 1638099213
112 17.883 1638099213
129 23.3253 1638099213
132 23.8611 1638099213
142 23.1493 1638099213
15 14.8579 1638099243
21 17.2291 1638099243
37 17.9231 1638099243
49 20.0955 1638099243
112 17.9929 1638099243
129 23.1759 1638099243
132 24.0408 1638099243
142 23.2074 1638099243
15 14.7029 1638099273
21 17.2553 1638099273
37 17.7029 1638099273
49 19.9181 1638099273
112 18.0404 1638099273
129 23.4241 1638099273
132 23.8319 1638099273
142 23.4294 1638099273
15 14.5047 1638099303
21 17.1959 1638099303
37 17.5249 1638099303
49 19.8519 1638099303
112 18.0345 1638099303
129 23.5303 1638099303
132 23.8215 1638099303
142 23.5535 1638099303
15 14.5234 1638099333
21 17.1658 1638099333
37 17.5714 1638099333
49 19.8949 1638099333
112 18.1377 1638099333
129 23.7378 1638099333
132 23.9091 1638099333
142 23.6408 1638099333
15 14.5841 1638099363
21 17.382 1638099363
37 17.51 1638099363
49 20.1244 1638099363
112 18.3163 1638099363
129 23.6246 1638099363
132 23.8523 1638099363
142 23.6748 1638099363
15 14.7499 1638099393
21 17.1859 1638099393
37 17.6155 1638099393
49 19.9298 1638099393
112 18.2878 1638099393
129 23.5669 1638099393
132 23.9929 1638099393
142 23.9244 1638099393
15 14.6289 1638099423
21 16.9769 1638099423
37 17.5392 1638099423
49 19.9699 1638099423
112 18.1742 1638099423
129 23.5793 1638099423
132 23.899 1638099423
142 23.8086 1638099423
15 14.8698 1638099453
21 16.9227 1638099453
37 17.6347 1638099453
49 19.9986 1638099453
112 18.0344 1638099453
129 23.5329 1638099453
132 23.967 1638099453
142 23.9506 1638099453
15 15.0588 1638099483
21 17.0657 1638099483
37 17.445 1638099483
49 19.8834 1638099483
112 18.0543 1638099483
129 23.7644 1638099483
132 23.9401 1638099483
142 23.7163 1638099483
15 15.1494 1638099513
21 16.8238 1638099513
37 17.2241 1638099513
49 19.9331 1638099513
112 18.0836 1638099513
129 23.9864 1638099513
132 23.8857 1638099513
142 23.8212 1638099513
15 14.9452 1638099543
21 17.0116 1638099543
37 17.0462 1638099543
49 19.8105 1638099543
112 17.8681 1638099543
129 24.0624 1638099543
132 24.0229 1638099543
142 24.0617 1638099543
15 14.7001 1638099573
21 17.0437 1638099573
37 16.9599 1638099573
49 19.6032 1638099573
112 17.6914 1638099573
129 24.0298 1638099573
132 23.9663 1638099573
142 23.9173 1638099573
15 14.8252 1638099603
21 17.0506 1638099603
37 17.1186 1638099603
49 19.8275 1638099603
112 17.6655 1638099603
129 24.113 1638099603
132 24.0502 1638099603
142 23.6736 1638099603
15 14.6811 1638099633
21 16.8901 1638099633
37 17.1733 1638099633
49 20.008 1638099633
112 17.545 1638099633
129 24.2718 1638099633
132 23.9729 1638099633
142 23.8657 1638099633
15 14.7044 1638099663
21 17.1089 1638099663
37 17.295 1638099663
49 19.7813 1638099663
112 17.6438 1638099663
129 24.4568 1638099663
132 24.1596 1638099663
142 23.7409 1638099663
15 14.8641 1638099693
21 16.9424 1638099693
37 17.3106 1638099693
49 19.9713 1638099693
112 17.6475 1638099693
129 24.5947 1638099693
132 24.0365 1638099693
142 23.6126 1638099693
15 14.8738 1638099723
21 17.0775 1638099723
37 17.4346 1638099723
49 20.0569 1638099723
112 17.8119 1638099723
129 24.7816 1638099723
132 23.9335 1638099723
142 23.4312 1638099723
15 14.8993 1638099753
21 17.2795 1638099753
37 17.2755 1638099753
49 20.1462 1638099753
112 17.6463 1638099753
129 24.623 1638099753
132 24.1613 1638099753
142 23.66 1638099753
15 14.906 1638099783
21 17.2485 1638099783
37 17.5208 1638099783
49 20.273 1638099783
112 17.6782 1638099783
129 24.509 1638099783
132 24.0153 1638099783
142 23.6146 1638099783
15 14.9848 1638099813
21 17.3534 1638099813
37 17.2907 1638099813
49 20.285 1638099813
112 17.7162 1638099813
129 24.7426 1638099813
132 24.1261 1638099813
142 23.8357 1638099813
15 15.183 1638099843
21 17.3436 1638099843
37 17.4202 1638099843
49 20.0811 1638099843
112 17.633 1638099843
129 24.7459 1638099843
132 24.2858 1638099843
142 23.8176 1638099843
15 15.2566 1638099873
21 17.3937 1638099873
37 17.2145 1638099873
49 20.2343 1638099873
112 17.5394 1638099873
129 24.9324 1638099873
132 24.1937 1638099873
142 24.0366 1638099873
15 15.047 1638099903
21 17.5354 1638099903
37 17.3496 1638099903
49 20.3749 1638099903
112 17.7463 1638099903
129 25.1583 1638099903
132 24.0867 1638099903
142 24.2208 1638099903
15 15.0757 1638099933
21 17.3225 1638099933
37 17.3875 1638099933
49 20.3705 1638099933
112 17.5949 1638099933
129 25.3255 1638099933
132 24.0024 1638099933
142 24.1975 1638099933
15 15.1537 1638099963
21 17.0846 1638099963
37 17.1708 1638099963
49 20.5962 1638099963
112 17.503 1638099963
129 25.1125 1638099963
132 24.0609 1638099963
142 23.9573 1638099963
15 15.0068 1638099993
21 17.0106 1638099993
37 16.9848 1638099993
49 20.6933 1638099993
112 17.4 1638099993
129 25.3327 1638099993
132 24.2177 1638099993
142 23.808 1638099993
15 14.8454 1638100023
21 17.1927 1638100023
37 17.1526 1638100023
49 20.4497 1638100023
112 17.5475 1638100023
129 25.4609 1638100023
132 24.0105 1638100023
142 23.6595 1638100023
15 14.6434 1638100053
21 17.3006 1638100053
37 16.9884 1638100053
49 20.5504 1638100053
112 17.5198 1638100053
129 25.3168 1638100053
132 23.9789 1638100053
142 23.6147 1638100053
15 14.8507 1638100083
21 17.3857 1638100083
37 17.1065 1638100083
49 20.7203 1638100083
112 17.3118 1638100083
129 25.1391 1638100083
132 23.7557 1638100083
142 23.6441 1638100083
15 15.0479 1638100113
21 17.5721 1638100113
37 17.2927 1638100113
49 20.9681 1638100113
112 17.0874 1638100113
129 25.219 1638100113
132 23.8858 1638100113
142 23.711 1638100113
15 14.8538 1638100143
21 17.7245 1638100143
37 17.3248 1638100143
49 21.0155 1638100143
112 16.9507 1638100143
129 25.2705 1638100143
132 23.8101 1638100143
142 23.8152 1638100143
15 14.9394 1638100173
21 17.721 1638100173
37 17.0986 1638100173
49 20.8195 1638100173
112 16.7534 1638100173
129 25.1983 1638100173
132 23.7236 1638100173
142 24.0358 1638100173
15 14.9666 1638100203
21 17.8545 1638100203
37 17.0176 1638100203
49 20.632 1638100203
112 16.8087 1638100203
129 25.2657 1638100203
132 23.7696 1638100203
142 23.8073 1638100203
15 14.8738 1638100233
21 17.7724 1638100233
37 17.1468 1638100233
49 20.563 1638100233
112 16.908 1638100233
129 25.2532 1638100233
132 23.8347 1638100233
142 23.8675 1638100233
15 14.8756 1638100263
21 17.8822 1638100263
37 16.9656 1638100263
49 20.378 1638100263
112 16.6959 1638100263
129 25.4345 1638100263
132 23.6437 1638100263
142 24.083 1638100263
15 15.0257 1638100293
21 17.9452 1638100293
37 16.9856 1638100293
49 20.5394 1638100293
112 16.696 1638100293
129 25.4586 1638100293
132 23.4993 1638100293
142 24.2157 1638100293
15 14.9198 1638100323
21 17.7892 1638100323
37 16.8746 1638100323
49 20.5579 1638100323
112 16.5468 1638100323
129 25.4152 1638100323
132 23.4412 1638100323
142 24.1388 1638100323
15 14.7942 1638100353
21 17.8319 1638100353
37 16.863 1638100353
49 20.3191 1638100353
112 16.7708 1638100353
129 25.3575 1638100353
132 23.3989 1638100353
142 24.0805 1638100353
15 14.6 1638100383
21 18.0666 1638100383
37 16.9376 1638100383
49 20.4589 1638100383
112 16.5917 1638100383
129 25.2631 1638100383
132 23.1536 1638100383
142 24.1658 1638100383
15 14.8166 1638100413
21 17.9592 1638100413
37 16.977 1638100413
49 20.3463 1638100413
112 16.408 1638100413
129 25.2093 1638100413
132 23.1872 1638100413
142 24.364 1638100413
15 15.0034 1638100443
21 17.9735 1638100443
37 16.8798 1638100443
49 20.5538 1638100443
112 16.4678 1638100443
129 25.3204 1638100443
132 23.3611 1638100443
142 24.4535 1638100443
15 15.0903 1638100473
21 17.8365 1638100473
37 16.7124 1638100473
49 20.6272 1638100473
112 16.5254 1638100473
129 25.2061 1638100473
132 23.4077 1638100473
142 24.2875 1638100473
15 14.8676 1638100503
21 17.7997 1638100503
37 16.7803 1638100503
49 20.7666 1638100503
112 16.7477 1638100503
129 25.0296 1638100503
132 23.5192 1638100503
142 24.5145 1638100503
15 14.7632 1638100533
21 17.7031 1638100533
37 16.6391 1638100533
49 20.969 1638100533
112 16.8344 1638100533
129 24.9285 1638100533
132 23.4458 1638100533
142 24.4823 1638100533
15 14.9972 1638100563
21 17.732 1638100563
37 16.7369 1638100563
49 21.0254 1638100563
112 16.6673 1638100563
129 25.1362 1638100563
132 23.5651 1638100563
142 24.3522 1638100563
15 14.7686 1638100593
21 17.5279 1638100593
37 16.937 1638100593
49 21.2737 1638100593
112 16.7689 1638100593
129 25.2223 1638100593
132 23.4185 1638100593
142 24.4889 1638100593
15 14.9821 1638100623
21 17.3973 1638100623
37 16.9548 1638100623
49 21.4534 1638100623
112 16.8809 1638100623
129 25.2587 1638100623
132 23.3152 1638100623
142 24.4816 1638100623
15 14.8427 1638100653
21 17.4167 1638100653
37 17.0622 1638100653
49 21.6509 1638100653
112 17.0184 1638100653
129 25.3386 1638100653
132 23.3559 1638100653
142 24.7154 1638100653
15 14.6576 1638100683
21 17.3793 1638100683
37 17.1156 1638100683
49 21.4338 1638100683
112 16.8773 1638100683
129 25.0946 1638100683
132 23.2077 1638100683
142 24.7578 1638100683
15 14.5765 1638100713
21 17.4259 1638100713
37 17.3604 1638100713
49 21.6128 1638100713
112 16.9139 1638100713
129 25.0886 1638100713
132 23.2374 1638100713
142 24.9749 1638100713
15 14.4822 1638100743
21 17.4767 1638100743
37 17.3969 1638100743
49 21.4051 1638100743
112 16.7356 1638100743
129 25.0614 1638100743
132 23.2758 1638100743
142 24.7571 1638100743
15 14.517 1638100773
21 17.3843 1638100773
37 17.4784 1638100773
49 21.3717 1638100773
112 16.5944 1638100773
129 24.926 1638100773
132 23.4049 1638100773
142 24.5331 1638100773
